Oracle Model:
# of points:	2	3	4	5	6	7	8	9	10	11	12	13	14	15	16	17	18	19	20	21	22	23	24	25	26	27	28	29
	0.3445	0.33	0.27375	0.277	0.26825	0.25825	0.25375	0.23725	0.2235	0.23675	0.21825	0.218	0.20275	0.22175	0.19075	0.1825	0.187	0.1725	0.18025	0.173	0.17125	0.16275	0.159	0.159	0.1575	0.15725	0.15725	0.15825

SVM Model--L2 Norm:
# of points:	2	3	4	5	6	7	8	9	10	11	12	13	14	15	16	17	18	19	20	21	22	23	24	25	26	27	28	29
	0.34875	0.2845	0.26875	0.22575	0.219	0.19125	0.1835	0.17725	0.176	0.1735	0.1585	0.1545	0.1495	0.156	0.14775	0.14775	0.142	0.1455	0.14525	0.13625	0.1355	0.1315	0.13325	0.13225	0.13375	0.13275	0.12925	0.123


SVM Model--L1 Norm:
# of points:	2	3	4	5	6	7	8	9	10	11	12	13	14	15	16	17	18	19	20	21	22	23	24	25	26	27	28	29
	0.31775	0.295	0.19675	0.1735	0.18475	0.151	0.13225	0.13475	0.14625	0.13775	0.126	0.119	0.1385	0.116	0.1245	0.11875	0.11975	0.115	0.11825	0.12025	0.10825	0.11675	0.11675	0.1095	0.1115	0.11175	0.10925	0.11225
