strategy: train-all
SVM Model:
# of points:	20	21	22	23	24	25	26	27	28	29	30	31	32	33	34	35	36	37	38	39	40	41	42	43	44	45	46	47	48	49	50	51	52	53	54	55	56	57	58	59	60	61	62	63	64	65	66	67	68	69	70
	0.1135	0.309	0.306	0.29925	0.2925	0.2885	0.279	0.2695	0.25725	0.25375	0.252	0.24725	0.2375	0.23225	0.22875	0.22825	0.22275	0.225	0.2185	0.212	0.21175	0.20925	0.20825	0.20325	0.20175	0.20125	0.3315	0.324	0.3155	0.31025	0.30725	0.30775	0.3065	0.30225	0.29575	0.2935	0.29375	0.286	0.28025	0.275	0.2735	0.269	0.26	0.25725	0.25325	0.2515	0.2475	0.24375	0.24225	0.239	0.23675

strategy: retrain_new
SVM Model:
# of points:	20	21	22	23	24	25	26	27	28	29	30	31	32	33	34	35	36	37	38	39	40	41	42	43	44	45	46	47	48	49	50	51	52	53	54	55	56	57	58	59	60	61	62	63	64	65	66	67	68	69	70
	0.1135	0.309	0.3045	0.294	0.2855	0.28275	0.276	0.26475	0.259	0.24975	0.24825	0.24575	0.242	0.24075	0.23325	0.23375	0.23125	0.22925	0.22275	0.2215	0.221	0.215	0.21725	0.20875	0.214	0.212	0.373	0.365	0.3555	0.34225	0.344	0.3475	0.3355	0.331	0.3225	0.31075	0.30525	0.303	0.2895	0.27425	0.27125	0.26275	0.251	0.2435	0.23375	0.231	0.219	0.2225	0.2145	0.2095	0.21325

strategy: average_weight
SVM Model:
# of points:	20	21	22	23	24	25	26	27	28	29	30	31	32	33	34	35	36	37	38	39	40	41	42	43	44	45	46	47	48	49	50	51	52	53	54	55	56	57	58	59	60	61	62	63	64	65	66	67	68	69	70
	0.1135	0.309	0.3035	0.2965	0.2925	0.28775	0.277	0.26775	0.26375	0.25175	0.2485	0.24325	0.23975	0.232	0.2315	0.233	0.2255	0.22725	0.22	0.21725	0.2215	0.21625	0.212	0.20975	0.2055	0.205	0.3705	0.36575	0.3575	0.35075	0.346	0.341	0.335	0.33	0.3265	0.31775	0.3075	0.30275	0.29175	0.27875	0.27075	0.2635	0.25025	0.246	0.2305	0.22525	0.2165	0.21725	0.21525	0.20625	0.20525

strategy: last_point
SVM Model:
# of points:	20	21	22	23	24	25	26	27	28	29	30	31	32	33	34	35	36	37	38	39	40	41	42	43	44	45	46	47	48	49	50	51	52	53	54	55	56	57	58	59	60	61	62	63	64	65	66	67	68	69	70
	0.1135	0.319	0.32775	0.34025	0.346	0.3395	0.33925	0.33575	0.33425	0.34475	0.33825	0.33475	0.351	0.34575	0.3425	0.33875	0.34525	0.34225	0.33625	0.3445	0.35125	0.34425	0.34475	0.33475	0.33275	0.33625	0.4035	0.39975	0.3995	0.399	0.38725	0.39325	0.38575	0.38725	0.37825	0.3765	0.3795	0.36775	0.36525	0.377	0.379	0.371	0.3775	0.374	0.374	0.3665	0.3735	0.36925	0.367	0.36325	0.36125

strategy: gradient_step
SVM Model:
# of points:	20	21	22	23	24	25	26	27	28	29	30	31	32	33	34	35	36	37	38	39	40	41	42	43	44	45	46	47	48	49	50	51	52	53	54	55	56	57	58	59	60	61	62	63	64	65	66	67	68	69	70
	0.1135	0.309	0.3095	0.312	0.31175	0.3145	0.31625	0.314	0.31675	0.317	0.31525	0.31925	0.31675	0.3155	0.316	0.3175	0.3205	0.32375	0.32575	0.32875	0.33125	0.3295	0.32825	0.3295	0.32675	0.325	0.34825	0.3495	0.34875	0.3505	0.34975	0.34925	0.34875	0.349	0.3495	0.351	0.34975	0.35025	0.351	0.35025	0.35125	0.351	0.3535	0.353	0.35375	0.355	0.35575	0.35675	0.35725	0.35575	0.35425

strategy: no retrain:
SVM Model:
# of points:	20	21	22	23	24	25	26	27	28	29	30	31	32	33	34	35	36	37	38	39	40	41	42	43	44	45	46	47	48	49	50	51	52	53	54	55	56	57	58	59	60	61	62	63	64	65	66	67	68	69	70
	0.1135	0.309	0.309	0.309	0.309	0.309	0.309	0.309	0.309	0.309	0.309	0.309	0.309	0.309	0.309	0.309	0.309	0.309	0.309	0.309	0.309	0.309	0.309	0.309	0.309	0.309	0.30425	0.30425	0.30425	0.30425	0.30425	0.30425	0.30425	0.30425	0.30425	0.30425	0.30425	0.30425	0.30425	0.30425	0.30425	0.30425	0.30425	0.30425	0.30425	0.30425	0.30425	0.30425	0.30425	0.30425	0.30425
