strategy: train-all
SVM Model:
# of points:	20	21	22	23	24	25	26	27	28	29	30	31	32	33	34	35	36	37	38	39	40	41	42	43	44	45	46	47	48	49	50	51	52	53	54	55	56	57	58	59	60	61	62	63	64	65	66	67	68	69	70
	0.09725	0.096	0.09925	0.0985	0.09775	0.09675	0.09775	0.097	0.10125	0.10575	0.10675	0.10625	0.1045	0.10425	0.10175	0.10325	0.10425	0.1045	0.1065	0.10575	0.10375	0.1035	0.1045	0.10675	0.10725	0.105	0.10575	0.10625	0.10425	0.105	0.10575	0.10325	0.1025	0.10275	0.10375	0.105	0.10575	0.10425	0.10275	0.1015	0.1035	0.10475	0.104	0.10275	0.1015	0.10125	0.10275	0.1005	0.10025	0.099	0.09825

strategy: retrain_new
SVM Model:
# of points:	20	21	22	23	24	25	26	27	28	29	30	31	32	33	34	35	36	37	38	39	40	41	42	43	44	45	46	47	48	49	50	51	52	53	54	55	56	57	58	59	60	61	62	63	64	65	66	67	68	69	70
	0.09725	0.096	0.10425	0.107	0.1105	0.10925	0.111	0.1115	0.11525	0.11725	0.122	0.121	0.1255	0.12425	0.1215	0.127	0.13025	0.1335	0.13725	0.1355	0.13125	0.1305	0.1335	0.132	0.13875	0.1405	0.13925	0.13675	0.13925	0.13225	0.1365	0.13125	0.1315	0.1335	0.1345	0.13375	0.13075	0.1315	0.13125	0.1325	0.13375	0.1375	0.13725	0.1355	0.138	0.1405	0.1365	0.13375	0.136	0.13325	0.13325

strategy: average_weight


SVM Model:
# of points:	20	21	22	23	24	25	26	27	28	29	30	31	32	33	34	35	36	37	38	39	40	41	42	43	44	45	46	47	48	49	50	51	52	53	54	55	56	57	58	59	60	61	62	63	64	65	66	67	68	69	70
	0.09725	0.096	0.09725	0.10025	0.1045	0.104	0.1055	0.108	0.10925	0.113	0.11675	0.11475	0.11925	0.11975	0.11975	0.1215	0.12425	0.12825	0.13475	0.13225	0.1285	0.12925	0.1285	0.12975	0.13225	0.133	0.13525	0.13575	0.1355	0.1325	0.13225	0.12875	0.12725	0.12875	0.129	0.131	0.129	0.12825	0.12625	0.1245	0.12575	0.13075	0.131	0.13175	0.13475	0.135	0.133	0.133	0.13275	0.131	0.126

strategy: last_point


SVM Model:
# of points:	20	21	22	23	24	25	26	27	28	29	30	31	32	33	34	35	36	37	38	39	40	41	42	43	44	45	46	47	48	49	50	51	52	53	54	55	56	57	58	59	60	61	62	63	64	65	66	67	68	69	70
	0.09725	0.1525	0.1605	0.1785	0.19925	0.213	0.21575	0.22325	0.22375	0.24475	0.23025	0.24425	0.246	0.244	0.254	0.262	0.26175	0.2785	0.27275	0.2855	0.28425	0.27975	0.28975	0.2795	0.29825	0.29575	0.2925	0.299	0.30525	0.2995	0.306	0.30575	0.29975	0.30775	0.321	0.3165	0.32075	0.31625	0.326	0.34175	0.3295	0.3305	0.32875	0.3325	0.333	0.3265	0.332	0.335	0.33025	0.32025	0.31825

strategy: gradient_step


SVM Model:
# of points:	20	21	22	23	24	25	26	27	28	29	30	31	32	33	34	35	36	37	38	39	40	41	42	43	44	45	46	47	48	49	50	51	52	53	54	55	56	57	58	59	60	61	62	63	64	65	66	67	68	69	70
	0.09725	0.1015	0.1045	0.1075	0.10975	0.1115	0.1145	0.11775	0.1195	0.1225	0.12575	0.128	0.12925	0.133	0.1345	0.13725	0.14075	0.14125	0.1445	0.14675	0.1505	0.1505	0.1525	0.154	0.15625	0.159	0.15675	0.15625	0.1575	0.15925	0.16025	0.1615	0.16325	0.16625	0.16625	0.168	0.16975	0.1705	0.17225	0.17325	0.1755	0.176	0.17725	0.1785	0.179	0.1785	0.1795	0.17975	0.18075	0.18125	0.18275

strategy: no retrain:

SVM Model:
# of points:	20	21	22	23	24	25	26	27	28	29	30	31	32	33	34	35	36	37	38	39	40	41	42	43	44	45	46	47	48	49	50	51	52	53	54	55	56	57	58	59	60	61	62	63	64	65	66	67	68	69	70
	0.09725	0.096	0.096	0.096	0.096	0.096	0.096	0.096	0.096	0.096	0.096	0.096	0.096	0.096	0.096	0.096	0.096	0.096	0.096	0.096	0.096	0.096	0.096	0.096	0.096	0.096	0.0925	0.0925	0.0925	0.0925	0.0925	0.0925	0.0925	0.0925	0.0925	0.0925	0.0925	0.0925	0.0925	0.0925	0.0925	0.0925	0.0925	0.0925	0.0925	0.0925	0.0925	0.0925	0.0925	0.0925	0.0925
