strategy: train-all
SVM Model:
# of points:	20	21	22	23	24	25	26	27	28	29	30	31	32	33	34	35	36	37	38	39	40	41	42	43	44	45	46	47	48	49	50	51	52	53	54	55	56	57	58	59	60	61	62	63	64	65	66	67	68	69	70
	0.1045	0.54625	0.508	0.45825	0.4285	0.4035	0.385	0.38125	0.3685	0.358	0.3575	0.346	0.34175	0.33125	0.31225	0.30125	0.295	0.2875	0.2805	0.27	0.259	0.2535	0.24925	0.24475	0.242	0.2375	0.52975	0.509	0.492	0.4665	0.4535	0.42775	0.416	0.40475	0.38825	0.3765	0.3625	0.351	0.34	0.33225	0.323	0.30975	0.30225	0.295	0.2885	0.2855	0.278	0.276	0.26975	0.266	0.25925

strategy: retrain_new
SVM Model:
# of points:	20	21	22	23	24	25	26	27	28	29	30	31	32	33	34	35	36	37	38	39	40	41	42	43	44	45	46	47	48	49	50	51	52	53	54	55	56	57	58	59	60	61	62	63	64	65	66	67	68	69	70
	0.1045	0.54625	0.509	0.45825	0.42675	0.4055	0.37575	0.36725	0.3515	0.333	0.321	0.3035	0.29975	0.29425	0.286	0.27	0.25675	0.247	0.235	0.209	0.188	0.1525	0.14675	0.1475	0.15025	0.1455	0.523	0.47575	0.43325	0.39825	0.3835	0.35325	0.344	0.32975	0.2995	0.28025	0.2645	0.25475	0.2505	0.248	0.239	0.2355	0.2085	0.19	0.18	0.15975	0.1385	0.13875	0.139	0.1365	0.139

strategy: average_weight


SVM Model:
# of points:	20	21	22	23	24	25	26	27	28	29	30	31	32	33	34	35	36	37	38	39	40	41	42	43	44	45	46	47	48	49	50	51	52	53	54	55	56	57	58	59	60	61	62	63	64	65	66	67	68	69	70
	0.1045	0.54625	0.5365	0.49925	0.46425	0.4315	0.40425	0.3825	0.3675	0.346	0.3265	0.30975	0.30575	0.29725	0.29	0.27625	0.261	0.25075	0.2345	0.221	0.1945	0.166	0.15	0.14275	0.14125	0.14025	0.525	0.502	0.4675	0.426	0.406	0.37375	0.358	0.3405	0.316	0.2925	0.2795	0.261	0.249	0.2445	0.238	0.2285	0.2115	0.19775	0.18425	0.164	0.14525	0.142	0.13825	0.1325	0.1345

strategy: last_point


SVM Model:
# of points:	20	21	22	23	24	25	26	27	28	29	30	31	32	33	34	35	36	37	38	39	40	41	42	43	44	45	46	47	48	49	50	51	52	53	54	55	56	57	58	59	60	61	62	63	64	65	66	67	68	69	70
	0.1045	0.5255	0.51525	0.494	0.48325	0.47825	0.479	0.47	0.4775	0.48325	0.47725	0.47875	0.47425	0.46825	0.46225	0.46725	0.47275	0.47175	0.4705	0.4685	0.46625	0.46425	0.46	0.4595	0.45925	0.46525	0.486	0.4845	0.4835	0.46875	0.45725	0.4505	0.45225	0.442	0.42975	0.435	0.43375	0.41625	0.414	0.41475	0.41725	0.407	0.4025	0.41	0.4175	0.412	0.41025	0.3915	0.393	0.39325	0.3945

strategy: gradient_step


SVM Model:
# of points:	20	21	22	23	24	25	26	27	28	29	30	31	32	33	34	35	36	37	38	39	40	41	42	43	44	45	46	47	48	49	50	51	52	53	54	55	56	57	58	59	60	61	62	63	64	65	66	67	68	69	70
	0.1045	0.54875	0.54625	0.5465	0.546	0.545	0.541	0.53775	0.53225	0.52875	0.52375	0.51575	0.51175	0.505	0.49875	0.4925	0.48575	0.47875	0.474	0.4615	0.46	0.4545	0.44675	0.4425	0.44125	0.44075	0.49975	0.50025	0.49925	0.49775	0.49875	0.4965	0.49525	0.49475	0.493	0.49275	0.4945	0.49225	0.48875	0.48475	0.481	0.47725	0.47475	0.4735	0.46875	0.463	0.45775	0.454	0.4505	0.4485	0.444
