strategy: train-all
SVM Model:
# of points:	20	21	22	23	24	25	26	27	28	29	30	31	32	33	34	35	36	37	38	39	40	41	42	43	44	45	46	47	48	49	50	51	52	53	54	55	56	57	58	59	60	61	62	63	64	65	66	67	68	69	70
	0.097	0.102	0.102	0.10475	0.106	0.10475	0.10525	0.10575	0.10525	0.10325	0.10375	0.10425	0.10125	0.10225	0.102	0.1035	0.10325	0.10625	0.1035	0.10325	0.1065	0.10675	0.10825	0.1095	0.10875	0.109	0.113	0.11225	0.1115	0.10975	0.111	0.11275	0.11125	0.1105	0.11175	0.1135	0.11075	0.11	0.11025	0.10875	0.1075	0.1075	0.10775	0.105	0.10475	0.10525	0.105	0.10425	0.10325	0.10425	0.1055

strategy: retrain_new
SVM Model:
# of points:	20	21	22	23	24	25	26	27	28	29	30	31	32	33	34	35	36	37	38	39	40	41	42	43	44	45	46	47	48	49	50	51	52	53	54	55	56	57	58	59	60	61	62	63	64	65	66	67	68	69	70
	0.097	0.102	0.10325	0.1105	0.10975	0.112	0.1155	0.11475	0.11275	0.114	0.115	0.11925	0.1195	0.1255	0.12275	0.126	0.1305	0.1315	0.12975	0.13225	0.13425	0.141	0.147	0.1475	0.14325	0.14775	0.13975	0.1445	0.14775	0.149	0.14875	0.14975	0.15025	0.1585	0.15625	0.15625	0.1565	0.15	0.15725	0.15175	0.14675	0.14675	0.14925	0.14625	0.146	0.1355	0.13725	0.1435	0.14825	0.15075	0.15075

strategy: average_weight


SVM Model:
# of points:	20	21	22	23	24	25	26	27	28	29	30	31	32	33	34	35	36	37	38	39	40	41	42	43	44	45	46	47	48	49	50	51	52	53	54	55	56	57	58	59	60	61	62	63	64	65	66	67	68	69	70
	0.097	0.102	0.10075	0.10225	0.10575	0.1085	0.10975	0.11075	0.1075	0.1095	0.11	0.11325	0.11075	0.118	0.12	0.12	0.123	0.126	0.125	0.126	0.125	0.13025	0.1395	0.14175	0.13925	0.13925	0.133	0.13725	0.1415	0.1415	0.14125	0.143	0.1455	0.149	0.14825	0.14875	0.1485	0.14775	0.1465	0.149	0.14475	0.145	0.142	0.141	0.145	0.135	0.136	0.13625	0.13775	0.14425	0.14225

strategy: last_point


SVM Model:
# of points:	20	21	22	23	24	25	26	27	28	29	30	31	32	33	34	35	36	37	38	39	40	41	42	43	44	45	46	47	48	49	50	51	52	53	54	55	56	57	58	59	60	61	62	63	64	65	66	67	68	69	70
	0.097	0.153	0.18275	0.173	0.188	0.189	0.2175	0.2155	0.21875	0.22075	0.222	0.22375	0.24775	0.23375	0.24375	0.2395	0.24725	0.24575	0.25025	0.2695	0.25875	0.27225	0.2695	0.27	0.2795	0.2895	0.28375	0.29425	0.29	0.291	0.301	0.31175	0.31675	0.331	0.32125	0.31825	0.331	0.3165	0.3265	0.33375	0.33975	0.337	0.33825	0.33975	0.34625	0.332	0.34375	0.344	0.34225	0.33875	0.333

strategy: gradient_step


SVM Model:
# of points:	20	21	22	23	24	25	26	27	28	29	30	31	32	33	34	35	36	37	38	39	40	41	42	43	44	45	46	47	48	49	50	51	52	53	54	55	56	57	58	59	60	61	62	63	64	65	66	67	68	69	70
	0.097	0.1015	0.10625	0.11	0.11325	0.11575	0.11775	0.121	0.124	0.12725	0.1295	0.1325	0.13375	0.1375	0.13975	0.14175	0.143	0.143	0.14425	0.14475	0.145	0.14775	0.148	0.149	0.15175	0.1525	0.1595	0.161	0.16275	0.16425	0.16825	0.16975	0.17275	0.175	0.17625	0.1765	0.17725	0.1795	0.18125	0.18275	0.18325	0.182	0.1845	0.18475	0.1855	0.187	0.18775	0.1885	0.191	0.1925	0.195
